1 10
100 200
201 210
900 1000
1053 9248
490 8408
2298 7847
6993 1666
9926 2845
2811 2608
5242 401
9476 8566
6477 92
3606 6997
7463 7526
4959 123 
5553 6918
451 3213
6893 1034
7920 7978
4113 9913
6564 9878
9015 665
7075 1871 
5690 5732
1835 2166
3849 2411
5475 1888
6557 396 
7316 5149
7011 9119
7700 2481
2794 3317
137 2978
9831 4590
8670 9370
9169 9567
4155 4727
3073 5495
2385 2871
7351 1672
2750 2238
5103 1561
2708 1559
254 3275
3389 6629
9638 7743
8285 8490
1557 603
7149 6057
9936 356
9085 211
7736 5755
602 6593
1989 5106
2082 4197
2364 8731
3739 7206
788 1906
9738 2587
8067 1314
5286 3621
5995 3586
3437 4658
3355 9682
8777 3250
5955 7627
9711 7184
5225 2522
532 5698
6422 1915
1415 4708
3012 2019
4069 7037
3674 8873
8547 7534
7345 2725
9600 7191
8306 6656
3238 9645
3499 1136
1239 6154
3293 7276
6296 6120
8466 8155
5088 3656
3961 5664
1764 7421
349 4603
4981 8816
6716 5570
1259 8455
9263 3513
4826 7330
5313 644
7749 7988
4099 5114
75 4794
4942 4584
7880 5483
62 4804
8567 2376
3612 1648
2031 875
1070 5936
2455 2969
3469 1266
2459 2077
6207 2310
7630 4277
5497 6821
7785 1404
7105 3995
4502 4974
5545 2655
947 1722
6827 2740
6205 1479
1988 3503
3658 5604
8029 2426
2025 4433 
1611 6968
5406 2436
790 845
8147 7015
5422 5092
2034 3179
8451 2441
6265 1789
8167 2100
5391 875
